  40 300  68  67   0   0   0 4  60 300  20 300  60 320  40 320
  80 400 149  92   0   0   0 2  60 400  80 420
 100 240 104  70   0   0   0 3 100 260 100 220  80 220
 140 420 135  76   0   0   0 4 140 400 120 440 120 400 120 420
 180 240 134  92   0   0   0 3 160 240 180 260 200 260
 300 440 150  65   0   0   0 3 280 440 280 460 300 460
 320 160 184  91   0   0   0 2 320 180 300 180
 340 280 187  94   0   0   0 3 360 280 340 300 320 280
 360  20  91  95   0   0   0 3 380  20 340  20 340  40
 380 180 159  71   0   0   0 3 360 180 360 200 400 160
 380 480 112  89   0   0   0 3 380 500 400 500 400 480
 400 480 113  77   0   0   0 3 400 500 380 480 420 480
 440 220 150  55   0   0   0 3 420 220 440 240 440 200
 440 260 148  81   0   0   0 4 460 280 440 280 440 240 420 280
 440 320 141  61   0   0   0 3 460 340 440 340 440 300
 440 360 116  72   0   0   0 5 460 340 440 340 420 380 440 380 420 360
 500  60  83  79   0   0   0 3 480  80 500  40 480  60
  40 200 116   0  99   0   0 5  40 220  60 180  20 180  60 220  20 220
  40 500 115   0  92   0   0 2  40 480  60 500
  80 280  65   0  50   0   0 3  80 300  60 260 100 300
 120 360 102   0  72   0   0 3 140 340 120 380 120 340
 120 480 151   0  92   0   0 2 120 460 100 480
 140 180 134   0  70   0   0 2 120 180 140 200
 160 140 125   0  53   0   0 6 180 160 140 120 140 140 180 120 160 120 160 160
 220  40 103   0  96   0   0 4 240  20 200  60 220  20 240  60
 220 440 155   0  96   0   0 5 200 420 200 440 220 460 240 440 240 460
 300 140 152   0  53   0   0 2 300 120 320 120
 380 440 195   0  93   0   0 4 400 420 360 420 360 440 360 460
 420  60 164   0  63   0   0 3 400  60 440  80 420  80
 420 400 112   0  61   0   0 2 420 380 440 380
 440 240 131   0  66   0   0 2 440 220 440 260
 460 500 116   0  79   0   0 3 440 500 480 500 480 480
 480  80  93   0  73   0   0 4 500  60 500 100 460 100 500  80
 500 100  92   0  76   0   0 2 480  80 480 120
 120 400 129   0   0  80 280 4 140 420 100 400 120 380 100 380
 260 300 198   0   0 100 200 3 260 320 240 280 280 280
 300 180 184   0   0 140 140 4 280 200 300 200 320 160 300 160
 100 500  98   0   0 140 460 3 100 480 120 500  80 500
 340  60 134   0   0 160 140 4 340  80 320  80 360  80 360  60
 300  60 157   0   0 180  80 3 300  40 300  80 320  60
 340  80 145   0   0 180 100 4 320  80 320 100 360  80 340  60
 220 160 199   0   0 200  60 2 220 140 240 180
 160 420 135   0   0 200 480 3 180 440 160 400 140 400
 400 300 173   0   0 220 220 3 380 300 420 280 380 320
 220 340 180   0   0 220 460 4 200 340 220 360 220 320 200 360
 420 260 186   0   0 260 160 3 420 280 420 240 400 260
 420 200 177   0   0 320  80 5 400 200 400 180 400 220 420 180 440 200
 340  20  90   0   0 420  80 2 360  20 320  20
 440 200 144   0   0 500 100 2 420 200 440 220
 440 500 112   0   0   0   0 3 420 480 460 500 420 500
 160 280 136   0   0   0   0 5 180 300 180 260 160 300 140 260 160 260
  80 440 136   0   0   0   0 3  60 420  60 440 100 460
  60 460 124   0   0   0   0 4  80 480  60 440  40 480  60 480
 300 360 194   0   0   0   0 2 300 380 280 340
 100 340  92   0   0   0   0 3  80 360 120 320 120 340
 140 320 109   0   0   0   0 3 140 300 140 340 120 320
 240 420 179   0   0   0   0 3 220 420 260 400 240 440
 480 400 122   0   0   0   0 3 500 420 480 420 460 400
 280 160 198   0   0   0   0 3 260 160 300 160 280 140
 160 120 106   0   0   0   0 3 180 120 160 140 180 100
  40 340  77   0   0   0   0 3  20 340  20 360  40 320
 460 460 170   0   0   0   0 2 460 480 440 440
 180 260 134   0   0   0   0 4 200 240 200 260 180 240 160 280
  80 220 124   0   0   0   0 2 100 240  80 200
 360 460 172   0   0   0   0 3 360 440 380 440 380 460
 460  20 118   0   0   0   0 2 460  40 480  20
  40 120  84   0   0   0   0 4  20 100  60 100  40 140  20 140
 420 120 103   0   0   0   0 5 420 140 400 140 400 100 440 120 420 100
 280 340 187   0   0   0   0 4 280 360 260 320 300 320 300 360
  60 220 121   0   0   0   0 2  40 220  40 200
 140 220 151   0   0   0   0 2 140 200 120 220
 160 360 144   0   0   0   0 4 180 340 160 340 140 360 180 360
 460 480 154   0   0   0   0 2 440 480 460 460
  20 220 122   0   0   0   0 2  40 200  40 240
 140 340 106   0   0   0   0 4 120 320 140 360 140 320 120 360
  60 440 109   0   0   0   0 5  40 440  80 460  40 460  60 460  80 440
 500 200  80   0   0   0   0 2 500 220 500 180
 280  60 149   0   0   0   0 2 300  40 260  60
 500 180  78   0   0   0   0 3 500 160 480 160 500 200
 240 260 164   0   0   0   0 3 220 240 240 280 220 260
 260  20 120   0   0   0   0 3 240  40 280  40 280  20
 480 440  93   0   0   0   0 3 500 420 500 460 500 440
 400 200 188   0   0   0   0 6 400 180 380 200 400 220 420 180 420 200 420 220
 200  20  94   0   0   0   0 2 180  20 220  20
 200 120 178   0   0   0   0 2 220 120 220 140
 440 340 139   0   0   0   0 3 420 360 440 360 440 320
 480 300 117   0   0   0   0 4 460 320 460 280 500 300 460 300
 380  60 172   0   0   0   0 1 400  60
 400 220 199   0   0   0   0 4 420 200 400 200 420 240 380 220
 220 380 186   0   0   0   0 2 240 400 220 360
 340 220 167   0   0   0   0 3 320 200 340 200 360 200
 320  60 161   0   0   0   0 3 300  80 300  60 320  80
  20 300  74   0   0   0   0 2  40 300  20 280
 420 380 122   0   0   0   0 4 440 360 420 360 420 400 440 400
 100 360 113   0   0   0   0 3 120 380  80 360  80 380
 480 360 109   0   0   0   0 5 460 340 500 380 500 340 480 340 480 380
 420  20 123   0   0   0   0 2 420  40 440  20
 220 200 172   0   0   0   0 3 240 220 220 180 240 180
 380 300 190   0   0   0   0 3 360 300 360 320 400 300
 240 220 191   0   0   0   0 3 260 220 260 240 220 200
  80 300  67   0   0   0   0 4 100 300  80 280 100 320  60 280
 460 340 130   0   0   0   0 4 440 360 460 320 480 360 440 320
 300 460 125   0   0   0   0 4 320 440 300 440 300 480 320 480
 200 340 186   0   0   0   0 5 180 320 220 320 220 360 220 340 200 320
 480 380 127   0   0   0   0 2 480 360 460 380
 360 160 108   0   0   0   0 3 340 140 380 160 340 160
 220 360 178   0   0   0   0 4 240 380 200 340 220 340 220 380
 320 140 136   0   0   0   0 2 320 120 300 120
 260 400 151   0   0   0   0 5 280 380 240 380 260 420 280 420 240 420
 280 260 193   0   0   0   0 3 280 240 260 240 280 280
 320 460 117   0   0   0   0 3 340 460 340 480 340 440
 280 120 138   0   0   0   0 2 280 140 280 100
  40 260 101   0   0   0   0 2  60 240  20 280
 440 120 105   0   0   0   0 2 420 120 460 100
 280 320 191   0   0   0   0 2 300 320 260 340
 280 400 143   0   0   0   0 3 280 420 300 420 300 400
  60 420 128   0   0   0   0 3  40 420  80 420  80 440
 240 500 106   0   0   0   0 3 260 500 260 480 220 500
 180 300 157   0   0   0   0 5 180 320 160 320 180 280 200 300 160 280
 500 440  99   0   0   0   0 4 480 440 500 460 480 460 480 420
 400 500  88   0   0   0   0 4 420 500 380 500 400 480 380 480
 420 220 174   0   0   0   0 3 400 200 440 220 400 240
  20  60  65   0   0   0   0 4  20  40  40  80  20  80  40  40
 460 220  97   0   0   0   0 2 460 240 460 200
 460 420 147   0   0   0   0 3 440 420 480 420 440 440
 200 200 131   0   0   0   0 2 200 220 180 180
 440 480 136   0   0   0   0 3 440 460 420 480 460 480
 340  40 106   0   0   0   0 2 360  20 320  40
 140 260 120   0   0   0   0 4 160 280 160 260 120 240 120 260
 440 400 114   0   0   0   0 2 420 380 440 380
 160 300 145   0   0   0   0 2 160 280 180 280
  60 320  61   0   0   0   0 4  40 320  40 300  80 340  60 340
  80 140  80   0   0   0   0 3  60 160 100 120 100 140
 100 440 118   0   0   0   0 4 100 460 120 460  80 420 100 420
 360  40 126   0   0   0   0 3 360  60 380  20 380  40
 280 460 129   0   0   0   0 5 260 440 260 460 300 440 280 440 260 480
 380 500  82   0   0   0   0 3 400 500 380 480 360 500
  60 260  81   0   0   0   0 3  80 260  80 240  80 280
 420 480 130   0   0   0   0 4 400 480 400 460 440 500 440 480
 240  40 117   0   0   0   0 4 240  60 220  60 260  20 260  40
 340 500  91   0   0   0   0 2 360 480 360 500
 400 440 186   0   0   0   0 2 400 420 420 420
 100 220 128   0   0   0   0 4  80 200 120 240 120 220 100 240
  20 420  76   0   0   0   0 3  40 420  20 440  40 400
 460 280 131   0   0   0   0 5 440 280 480 280 480 300 460 300 440 260
 120 300  75   0   0   0   0 3 140 300 140 280 100 300
 260  40 148   0   0   0   0 2 240  40 240  20
 360 500  79   0   0   0   0 3 380 500 340 500 340 480
 460 100 121   0   0   0   0 5 480  80 480 120 460  80 440 120 480 100
 380 220 192   0   0   0   0 4 400 220 400 240 380 200 360 220
 280 140 171   0   0   0   0 4 280 160 300 160 280 120 260 160
  20 460 117   0   0   0   0 2  40 460  40 440
 400  20 115   0   0   0   0 3 380  40 400  40 380  20
 300 320 193   0   0   0   0 2 280 320 280 340
  40  40  71   0   0   0   0 4  20  60  20  40  40  20  60  20
 500 140  96   0   0   0   0 3 500 120 480 120 500 160
 300 400 167   0   0   0   0 3 280 400 280 380 320 400
  60 300  97   0   0   0   0 3  60 280  40 300  40 280
 400 180 166   0   0   0   0 3 420 200 400 160 400 200
 280  80 163   0   0   0   0 5 300  80 260  60 260  80 280 100 260 100
 240 440 159   0   0   0   0 5 220 440 240 420 220 420 220 460 260 440
 220 320 187   0   0   0   0 5 200 300 220 340 200 340 200 320 240 340
 380  40 137   0   0   0   0 3 360  40 360  60 400  20
 440 280 117   0   0   0   0 2 460 280 440 260
 100 300  84   0   0   0   0 4  80 280 120 300  80 300 120 320
 300 280 189   0   0   0   0 2 320 280 280 280
  60 160  80   0   0   0   0 4  60 180  80 180  80 160  80 140
  80 420 140   0   0   0   0 5 100 440  60 400  80 400  60 420 100 420
 460 120  77   0   0   0   0 2 480 120 440 140
 180 500  93   0   0   0   0 3 160 480 200 500 160 500
  40 180 118   0   0   0   0 3  20 200  60 180  20 180
 320 260 148   0   0   0   0 3 300 260 340 260 320 240
 480 220  61   0   0   0   0 4 500 240 460 240 500 220 460 200
 140 200 133   0   0   0   0 5 120 180 120 220 160 200 140 180 140 220
 220 280 195   0   0   0   0 2 240 280 200 280
 140 400 152   0   0   0   0 4 160 420 160 380 160 400 140 420
  40 160 128   0   0   0   0 2  20 180  60 140
 400 340 165   0   0   0   0 3 420 340 380 320 400 360
 140 240 155   0   0   0   0 3 160 240 160 260 120 240
 120 440 128   0   0   0   0 2 140 420 100 460
 400  80 133   0   0   0   0 3 400  60 380  80 420 100
 440 300 161   0   0   0   0 2 440 320 420 280
 320 220 123   0   0   0   0 2 320 240 340 200
 280 200 199   0   0   0   0 2 260 220 300 180
 160 260 135   0   0   0   0 4 160 240 160 280 140 240 140 260
 500 500  99   0   0   0   0 2 500 480 480 500
 160 380 164   0   0   0   0 4 160 400 180 380 180 400 140 400
  20 380  72   0   0   0   0 2  40 400  40 360
 200 100  88   0   0   0   0 3 180 100 200  80 180  80
 500 340  86   0   0   0   0 3 480 360 500 320 500 360
  80 360  84   0   0   0   0 4  60 340  80 380 100 360 100 340
 140 460 128   0  68   0   0 3 160 460 160 480 140 440
 500 460  85  93   0   0   0 4 480 460 500 480 500 440 480 440
 100 140  93   0   0   0   0 2 120 120  80 140
 200  40  92  98   0   0   0 3 220  20 180  20 200  60
 300 100 139   0   0   0   0 5 280 100 320  80 320 120 300 120 320 100
  60 140 117   0   0   0   0 2  60 120  40 160
 180 400 172   0   0   0   0 3 160 400 160 380 200 400
 240 400 181   0   0   0   0 3 220 420 240 380 220 380
 180 380 186  64   0   0   0 3 160 380 160 400 200 400
 200 400 174   0   0   0   0 2 180 400 180 380
 460 240  87   0   0   0   0 3 460 260 460 220 480 220
 200 260 135   0   0   0   0 4 220 260 180 240 200 240 180 260
 100 120  81   0   0   0   0 3  80 120  80 140 100 100
 260 440 151   0   0   0   0 5 280 460 240 440 240 460 260 460 260 420
 120 240 142   0   0   0   0 3 140 260 140 240 100 220
 140 360 115   0   0   0   0 3 160 360 140 340 120 380
 180 280 172   0   0   0   0 2 180 300 160 300
 340 200 142   0   0   0   0 5 320 220 340 180 360 180 360 200 340 220
  40 140  80   0   0 140 180 4  20 120  40 120  20 140  60 120
 160 400 163   0   0   0   0 5 140 400 160 380 180 400 180 380 160 420
  20 480 120   0   0   0   0 2  40 480  40 460
 420  40 138   0   0   0   0 3 440  20 440  60 420  20
 160 180 116   0   0   0   0 3 160 160 140 160 180 200
 160 340 155   0   0   0   0 3 180 320 160 320 160 360
 340 460 122   0   0   0   0 5 340 480 320 480 320 440 360 480 320 460
 240 480 139   0   0   0   0 3 260 480 240 460 260 500
 100 160 122  74   0   0   0 3  80 180 120 160 100 180
 480  60  70   0   0   0   0 4 500  60 500  40 500  80 460  60
 220 180 154   0   0   0   0 2 220 200 200 160
 200  80 113   0   0   0   0 2 200 100 200  60
 180 100  80   0  63   0   0 4 160 120 160 100 200 100 160  80
 140 440 119   0   0   0   0 2 120 420 140 460
 140 160 117  80   0   0   0 5 160 160 140 140 160 180 120 140 120 180
 220 120 169   0   0 220  40 5 200 140 240 100 220 140 200 120 220 100
 220 480 133  57   0   0   0 3 220 500 200 460 200 480
 280 480 125  69   0   0   0 3 260 460 260 480 260 500
 180  20  82   0   0   0   0 2 200  40 200  20
 440 380 131   0   0   0   0 5 440 400 440 360 460 380 420 400 420 360
 480 260  66   0   0   0   0 3 500 240 500 260 460 260
 160 160 104   0   0   0   0 4 140 140 160 140 140 160 160 180
 440 140  94   0   0   0   0 3 460 120 440 160 420 140
 120 260  87   0   0 220 140 3 140 260 100 260 140 280
 280 440 147  50   0   0   0 5 280 460 260 460 280 420 300 420 300 440
 200 480 158   0  78   0   0 2 220 460 220 480
 400  60 167   0   0   0   0 3 380  60 420  60 400  80
 260  60 150   0   0   0   0 4 260  80 280  60 280  80 240  60
 400 360 177   0   0   0   0 2 400 380 400 340
 120  20  68   0   0   0   0 1 140  20
 220 420 167   0   0   0   0 5 200 420 240 440 200 440 240 420 240 400
 360  60 132   0   0   0   0 5 360  80 340  60 360  40 380  40 380  80
 240  20 122  82   0   0   0 2 220  40 260  40
 340 180 164   0   0   0   0 2 320 180 340 200
 140 140 121   0  73   0   0 4 160 140 160 160 140 160 140 120
 140  20  70   0   0   0   0 1 120  20
  20 360  91  74   0   0   0 2  40 340  20 340
 160 460 130   0   0   0   0 4 180 480 140 480 160 480 140 460
 500 480  90   0   0   0   0 3 480 500 500 500 500 460
 260 160 193   0  81   0   0 3 280 140 240 180 280 160
 160 200 104   0   0   0   0 3 180 200 140 200 180 220
 180 120 134   0   0   0   0 3 160 140 160 120 180 140
 120 340  74   0   0   0   0 2 120 360 100 340
 240 280 192  82   0   0   0 3 260 300 240 260 220 280
 200 500 115   0   0   0   0 3 180 480 220 500 180 500
  60 280  86   0   0   0   0 3  40 280  80 300  60 300
 300 120 120   0   0 120 120 4 300 100 320 120 300 140 320 140
  40 480 128   0   0   0   0 5  20 480  60 460  40 500  40 460  60 480
 460 300 122   0   0   0   0 3 480 300 460 280 480 280
  80 340  81   0   0   0   0 2  60 320  60 340
 260 420 179   0   0   0   0 2 260 440 260 400
 140 300 106   0   0   0   0 3 140 280 140 320 120 300
 260 360 151   0   0   0   0 3 240 340 260 340 280 360
 340 300 198   0   0   0   0 4 320 280 360 300 360 280 340 280
 220  80 126   0   0   0   0 2 200  60 220  60
 420 280 164  81   0   0   0 5 440 260 420 300 400 300 420 260 440 300
 500 400  86   0   0   0   0 2 500 380 500 420
 220 260 158   0   0   0   0 4 220 240 240 260 200 260 200 240
  40 320  80   0   0   0   0 3  40 300  40 340  60 320
 340 140  82   0   0   0   0 4 340 160 340 120 360 160 360 140
 320 280 189   0   0   0   0 4 340 280 340 300 300 260 300 280
 400 140 101   0   0   0   0 2 420 120 380 140
 220 140 196   0  50   0   0 4 200 140 220 120 220 160 200 120
 320 120 124   0   0 140 100 5 300 100 320 100 300 140 320 140 300 120
 300 260 166   0   0   0   0 3 320 260 320 280 300 240
 140 280  78  76   0   0   0 3 120 300 120 260 140 300
 360 140  72   0   0   0   0 2 380 140 340 140
 480 160  64   0   0   0   0 4 460 160 460 180 500 180 500 160
 120 320  86   0   0   0   0 5 140 320 100 300 100 340 140 340 100 320
 360 200 161   0   0   0   0 4 340 220 340 200 360 220 380 180
 180 360 157   0   0   0   0 2 200 360 160 360
 460 380 106   0   0   0   0 3 440 380 480 380 460 360
 300 220 150   0   0   0   0 4 320 200 280 220 300 200 300 240
 420 360 126   0   0   0   0 4 440 380 440 360 420 380 440 340
 160 220 149   0   0   0   0 2 180 200 160 240
 240 340 168   0   0   0   0 3 220 320 240 360 260 360
 100 180 128   0   0  20  20 4 100 160 100 200  80 180  80 200
 200 280 163   0   0   0   0 2 200 300 220 280
  80  20  67   0   0   0   0 1  60  20
 140 100  90   0  84   0   0 3 140 120 160 100 160  80
 500 380  83   0   0   0   0 3 500 400 500 360 480 360
 220  20 111   0   0   0   0 3 220  40 200  20 200  40
 140 480 107   0   0   0   0 4 160 500 120 460 160 460 140 500
 180 440 123  91   0   0   0 2 160 420 200 460
 400 400 156   0   0 220 440 2 420 420 400 420
 440 100 121   0   0   0   0 2 460  80 420 100
 260 220 180   0   0   0   0 5 240 220 260 240 280 200 280 240 240 240
 460  80 109   0   0   0   0 2 460 100 440 100
 280 280 197   0   0   0   0 3 260 300 280 260 300 280
  60 180  90   0   0   0   0 7  40 200  80 200  60 160  80 180  80 160  60 200  40 180
  20 100 104   0   0   0   0 3  20 120  20  80  40 120
 420 240 183   0   0 260 320 3 400 220 400 260 420 260
 340 320 163   0   0 200 220 1 360 300
 200 420 157   0   0   0   0 4 220 400 180 420 220 440 220 420
 120 380 121   0   0  40 200 4 120 400 140 360 100 360 120 360
 200 240 153   0   0   0   0 5 200 260 220 260 200 220 220 240 180 260
 460  60 102   0   0   0   0 2 480  40 480  60
 360 420 183   0   0 180 420 3 360 400 360 440 380 440
 360 440 179   0   0   0   0 4 380 440 380 460 360 420 360 460
 300 240 163   0   0 360  80 2 300 260 300 220
 180 180 136   0  66   0   0 2 200 200 180 160
 160 500  85   0   0   0   0 3 180 500 140 500 140 480
 160  80  76   0   0   0   0 3 180 100 140 100 180  80
 480 420 124   0   0   0   0 5 460 400 500 440 460 420 460 440 480 400
 480 340 112   0   0   0   0 3 460 360 480 360 480 320
  60 200  74   0   0   0   0 1  60 180
 480 280 137   0   0 420 440 2 460 280 460 300
  60  20  92   0  55   0   0 2  40  40  80  20
 300 500 107   0  53   0   0 3 300 480 320 500 280 500
 300 160 188   0  78   0   0 4 300 180 280 160 280 140 320 180
 440  80 150   0   0   0   0 2 420  60 420  80
 200 300 162   0   0   0   0 4 200 320 180 300 220 320 200 280
 400 100  82   0   0   0   0 2 400 120 420 120
  40 440  94   0   0   0   0 4  60 440  20 440  20 460  40 420
 180 480 116   0   0   0   0 5 160 480 200 460 180 460 160 460 200 500
 260 340 165   0   0   0   0 4 240 360 280 320 260 360 260 320
 240 100 179   0   0   0   0 3 260 100 240  80 220 120
 500  80  93  61   0   0   0 2 480  80 480  60
 460 440 150   0   0   0   0 2 440 420 480 420
 260 500 119   0   0   0   0 3 240 480 280 480 240 500
 140 500  95   0   0   0   0 2 140 480 160 500
 160 320 163  58   0   0   0 4 180 340 180 320 160 340 180 300
 360 480 113   0   0   0   0 2 340 500 340 460
 400 160 133   0   0   0   0 2 380 180 400 180
 200 180 139  63   0   0   0 2 180 200 180 160
 100 260  93   0   0   0   0 3  80 260 100 240 120 260
 120 220 122   0   0 180 180 3 100 220 140 220 140 200
 160 240 163   0   0   0   0 4 180 240 160 220 140 240 160 260
  20 120 102  84   0   0   0 3  20 140  40 140  20 100
  20 180 108   0   0   0   0 4  40 180  40 200  20 160  40 160
  60 340  74   0   0   0   0 4  60 320  80 340  80 360  40 360
 100 320  64   0   0   0   0 2  80 300 120 320
 440  20 118   0   0   0   0 3 420  20 460  40 420  40
  80 380 104   0   0   0   0 4  60 400 100 360  60 380  80 360
 340 160 105   0   0   0   0 2 360 160 340 140
 280  20 110   0   0   0   0 3 300  40 260  20 300  20
 300  40 127   0   0   0   0 4 280  40 280  60 280  20 300  60
  20 440  72   0   0   0   0 3  40 440  40 420  20 420
  80 160  78   0   0   0   0 2  60 180  60 160
 300  80 167   0   0 480  80 3 280  80 300  60 320  60
 420 320 160   0   0 280 240 2 400 320 420 300
 120 420 136   0   0   0   0 2 140 440 140 420
  20  20 102   0  92   0   0 2  20  40  40  20
 180 200 128   0  52   0   0 6 160 180 160 220 200 180 160 200 180 220 200 220
 100 460 120  54   0   0   0 4  80 440  80 480 100 440 120 440
 220 240 157   0   0 220 100 5 200 240 220 220 220 260 240 240 240 260
 500 360  74   0   0   0   0 2 500 340 500 380
  40 400  68   0   0   0   0 3  20 420  20 380  40 420
 200 140 173   0   0   0   0 2 220 120 220 140
  80 200 113   0  92   0   0 4 100 180  60 180 100 220  80 220
 500  40  76  70   0   0   0 3 500  60 500  20 480  60
 140 120 100   0   0   0   0 4 120 120 140 140 140 100 160 140
 440 460 162  63   0   0   0 3 420 440 440 440 440 480
 420 180 160   0   0   0   0 3 420 200 400 200 420 160
 280 500 100   0   0   0   0 2 300 480 300 500
 500 240  87   0   0   0   0 4 500 220 500 260 480 220 480 260
 420 440 180   0  69   0   0 3 400 420 400 460 440 460
 460 200  76   0   0   0   0 2 480 220 460 220
 500 160  80   0   0   0   0 3 480 160 500 140 500 180
 200 320 190  64   0   0   0 3 220 320 200 340 200 300
 160 480 101   0   0   0   0 4 180 500 160 460 180 480 140 460
 340 440 134   0   0   0   0 2 340 420 320 460
 220 500 104   0  54   0   0 3 200 500 240 500 220 480
 320 420 169   0   0   0   0 3 340 420 300 420 320 440
  60 120  88   0   0   0   0 3  40 140  60 140  80 120
 440 440 167   0   0   0   0 3 440 460 460 420 460 460
 240  80 179  86   0   0   0 4 220 100 260  80 260 100 240 100
 260 320 198   0  92   0   0 3 280 340 260 340 260 300
  20 280  83   0   0   0   0 4  20 300  20 260  40 260  40 280
 340 480  99   0   0 220 500 4 320 480 360 500 340 460 320 460
  80 500  83   0   0   0   0 2 100 500  60 500
 240 460 157   0   0   0   0 3 260 440 220 440 240 480
 300 380 191   0   0   0   0 3 280 380 300 360 320 400
 500 300  99   0   0   0   0 3 500 280 480 300 500 320
  40  20  72   0   0   0   0 3  20  40  40  40  20  20
 460 260  79   0   0 420 400 2 480 260 460 240
 400 240 193   0   0   0   0 3 400 260 420 220 380 220
 320  80 133   0  52   0   0 5 320  60 320 100 300 100 340  80 340  60
  20  40  81   0   0   0   0 4  40  20  40  40  20  20  20  60
  40 360  69   0  85   0   0 2  20 380  60 340
 240 180 192   0   0   0   0 3 260 160 220 200 220 160
  40 460 123   0   0   0   0 4  60 440  40 480  20 460  20 480
 360 100  96   0   0 380  20 2 340 120 360  80
 180  80  65   0  85   0   0 2 160  80 200 100
 300 420 162   0   0   0   0 4 280 440 280 420 280 400 320 420
 260 460 136   0   0 120 480 4 280 460 260 440 280 440 280 480
 300 480 105   0   0   0   0 5 280 500 300 460 320 500 300 500 320 480
 320 240 116   0   0   0   0 2 320 220 320 260
 180 220 128   0   0   0   0 2 160 200 180 200
 320 500 125   0   0   0   0 2 300 500 300 480
 480 460 115   0   0   0   0 3 480 480 500 440 500 460
 220 100 156   0  91   0   0 2 220 120 240  80
 360 300 177  99   0   0   0 4 360 320 340 300 380 300 340 320
 360 220 174   0   0   0   0 2 380 220 360 200
 320 400 172   0   0   0   0 2 300 400 300 380
 200 360 181   0   0   0   0 3 220 340 180 340 180 360
 420 300 176   0   0   0   0 2 420 280 420 320
 360 320 198  59   0   0   0 3 380 320 360 300 380 300
 380  80 124   0  99   0   0 3 360  60 360  80 400  80
 420 500  79   0   0   0   0 2 400 500 440 500
 380 320 190   0   0   0   0 3 400 340 400 300 360 320
 280 100 171   0   0   0   0 4 260 100 280  80 280 120 300 100
 260  80 176   0   0   0   0 3 240  80 280  80 260  60
 220 220 158   0  59   0   0 3 240 240 200 220 220 240
 380  20  98   0  73   0   0 3 360  40 400  20 360  20
 460  40 144   0   0 300 140 4 440  60 460  20 440  20 480  20
 200 220 128   0  63   0   0 4 200 240 180 200 220 220 200 200
 480 480 112   0   0 300 500 3 480 460 460 500 480 500
 420  80 168   0  62   0   0 2 420  60 440  80
 260 100 173   0   0   0   0 4 280  80 240  80 240 100 280 100
 280  40 146   0   0   0   0 2 260  20 300  40
 500 260  72   0   0   0   0 2 480 260 500 240
  60 480 135  96   0   0   0 3  40 480  60 460  80 480
  40 280  77  94   0   0   0 3  60 300  20 280  60 280
 120 140 105   0   0   0   0 2 120 160 140 160
 500 320  91   0   0   0   0 3 480 320 500 300 500 340
 500 220  78   0   0   0   0 3 480 220 500 240 500 200
 320 180 180  83   0   0   0 4 320 200 300 160 320 160 340 180
 240 240 161  59   0   0   0 3 260 220 220 240 220 220
  20 160  92   0   0  80 200 2  20 140  20 180
 320 480 120   0   0   0   0 4 300 480 300 460 340 480 340 460
 480 100 129   0   0 300 160 2 460 100 480 120
 460 400 111   0   0   0   0 2 480 400 480 420
 300  20  90   0   0   0   0 2 280  20 320  20
  60 500 104   0   0   0   0 2  80 500  40 500
 360 280 187   0   0   0   0 3 340 260 340 300 340 280
 280 420 157   0   0   0   0 4 260 400 280 440 280 400 300 420
  60 240 118   0   0   0   0 3  80 240  40 240  40 260
 100 420 151   0   0   0   0 2  80 420 100 440
 360  80 116   0  58   0   0 5 340  80 340  60 380  80 360 100 360  60
 480  40 109   0   0   0   0 2 480  20 460  60
 180 140 137   0   0   0   0 2 180 120 200 160
 480 500 109   0   0   0   0 4 480 480 500 500 500 480 460 500
  20  80  85   0   0   0   0 2  20  60  20 100
 480 320  88   0   0 380 440 2 500 320 480 340
 320  20  97   0   0   0   0 3 300  20 320  40 340  20
 200 440 155   0   0   0   0 3 220 460 220 420 220 440
 200  60  98   0  50   0   0 4 220  40 200  40 220  80 200  80
 280 360 177   0   0   0   0 2 260 360 280 340
 400 460 154   0   0 460 500 2 420 440 420 480
 460 360 119   0   0   0   0 2 480 340 460 380
 100 100  78   0   0   0   0 3  80 120 100 120 120 120
 280 240 189   0  88   0   0 4 260 240 260 220 280 220 280 260
  40 240 121   0   0   0   0 3  60 240  40 220  20 220
 100 380 114   0   0 180 200 2 120 400 100 400
 400 260 190   0   0   0   0 3 400 240 420 260 420 240
 420 100 129   0   0   0   0 3 400  80 420 120 440 100
 380 200 196  54   0   0   0 2 380 220 400 200
  40 420  98   0   0   0   0 5  40 440  40 400  60 420  20 440  20 420
 180 320 161   0   0   0   0 4 160 320 160 340 180 300 200 340
  80 180 103   0  53   0   0 4 100 180  60 180  60 160 100 160
 420 140 113   0   0   0   0 2 420 120 440 140
 440 180 112  93   0   0   0 2 420 160 440 160
  80 120  79   0   0   0   0 4  60 100  60 120 100 120 100 100
 280 220 184   0   0 380  80 3 280 240 300 200 300 220
 400 120  64   0   0   0   0 2 380 100 400 100
 180 460 130   0   0 120 360 2 200 460 180 480
 120 120  89   0  75   0   0 3 100 140 100 100 140 120
 420 160 132   0   0   0   0 3 420 180 440 160 440 180
 320 100 151   0   0   0   0 4 340  80 300 100 320 120 320  80
 240  60 128   0   0   0   0 3 260  60 220  40 240  40
  80 480 139   0   0   0   0 3  60 460  60 480 100 460
 360 180 161   0   0   0   0 2 380 180 340 200
 480  20 128  65   0   0   0 3 460  40 460  20 480  40
  20 140  71   0   0   0   0 4  40 140  40 120  20 160  20 120
 260 480 132  87   0   0   0 4 240 500 280 460 280 480 240 480
 220 460 156   0  61   0   0 4 220 440 240 440 200 440 200 480
 320 440 137   0   0   0   0 4 340 460 320 420 300 460 340 420
 380 460 171   0   0   0   0 2 360 460 360 440
 300 200 164   0   0   0   0 3 300 180 300 220 280 220
  60 380 116   0   0   0   0 2  80 380  60 400
 120 180 139   0   0   0   0 3 140 160 140 180 140 200
 340 420 165   0   0   0   0 3 320 440 340 440 320 420
 500 420 107   0   0   0   0 3 480 400 480 440 500 400
  40  80  70   0   0   0   0 1  20  60
 380 100  78   0   0   0   0 1 400 120
 380 160 131   0   0   0   0 1 360 160
 500 120 105   0   0   0   0 1 500 140
 120 460 131  98   0   0   0 3 100 440 120 480 140 480
 100 480 132   0   0   0   0 2 100 500 120 480
  80 240  95   0   0  80 180 2  60 240  60 260
 220  60 111   0   0   0   0 2 220  80 240  40
 340 120 102   0   0   0   0 2 340 140 360 100
 500 280  85   0   0   0   0 1 500 300
 400  40 128   0   0   0   0 1 400  20
 320  40 121   0   0 420  60 2 320  20 340  40
 400 420 180   0   0   0   0 4 380 440 400 400 400 440 420 440
 260 240 180   0   0   0   0 4 240 220 260 220 280 240 280 260
 160 100  82   0   0  60  20 2 140 100 180 100
 440  60 155   0   0   0   0 2 420  40 460  40
 380 140  75   0   0   0   0 2 360 140 400 140
 180 420 123   0  91   0   0 1 200 420
 460 160  78  74   0   0   0 1 480 160
  20 200 115   0   0   0   0 1  40 180
 180 160 140   0   0   0   0 3 160 140 180 180 200 180
 460 320 137   0   0   0   0 2 460 340 480 300
 420 340 151   0   0   0   0 1 400 340
 320 200 168  75   0   0   0 3 300 220 320 180 340 220
 440 420 144  60   0   0   0 2 460 420 460 440
  20 340  98   0   0   0   0 2  20 360  40 340
  20 260  85  75   0   0   0 1  20 280
 240 360 156   0   0   0   0 2 240 340 260 340
 420 420 159   0   0   0   0 2 400 400 400 440
 140 380 151   0   0   0   0 0
 120 500  87   0   0   0   0 1 100 500
 360 400 195   0   0   0   0 1 360 420
 120 160 116   0   0   0   0 2 100 160 120 140
  80 260  92   0   0   0   0 2  60 260 100 260
 340 260 180   0   0   0   0 2 320 260 360 280
 400 380 156   0   0 440 240 1 400 360
 200 460 141   0   0   0   0 4 180 440 180 460 180 480 220 480
  60 100  62   0   0   0   0 2  40 120  80 120
 220 400 175   0   0   0   0 1 200 420
 460 180  68   0   0   0   0 1 480 160
 280 380 157   0   0   0   0 3 260 400 300 380 300 400
 180 340 153   0   0  40 360 3 160 320 160 360 200 360
  80 460 126   0   0  40 500 1  60 440
 200 160 151   0   0   0   0 2 180 140 220 180
 400 320 155   0   0   0   0 1 420 320
  40 220 111  73   0   0   0 3  40 200  40 240  60 220
 240 380 158  52   0   0   0 3 220 360 240 400 260 400
 500  20  78   0   0   0   0 1 500  40
 100 400 147   0   0   0   0 2 100 380 120 400
 100 200 150   0  88   0   0 1 100 180
  60 400 122   0   0   0   0 4  60 380  80 380  80 400  80 420
 480 120  95   0   0   0   0 5 460 100 460 120 480 100 500 100 500 140
 440 160 101   0   0   0   0 3 420 160 440 140 440 180
